[860286030774644]
[869465023999936]
[864460034823840]
[864460034838095]
[864460030307764]
[869465023997468]
[869465027526206]
[868276020543671]
[860286035541485]
[869464028008306]
[869460021213174]
[864226033070752]
[869460020048233]
[864460035824599]
[869465023691830]
[864460032337801]
[868276020334337]
[869465025276291]
[864460033724072]
[864226033412368]
[869465020483223]
[864460033127490]
[864460036229053]
[864226034568069]
[864460033552226]
[869460020240921]
[866926021452759]
[864226030201707]
[860286034069637]
[864460032170764]
[869460022337436]
[866929020847532]
[864460032967920]
[869465024109410]
[860286031067279]
[863777030081490]
[860286033735360]
[860286035541485]
[864226032852515]
[864460032707417]
[869460023644426]
[869460023664424]
[869465020768334]
[864460030932959]
[864226030202648]
